제품명	중량
(g/ml)	열량
(Kcal)	단백질
(g)	나트륨
(mg)	당류
(g)	포화지방
(g)	카페인
(mg)
BBQ몬스터	245	630	33(60)	1198(60)	5.6	9.8(65)	
갈릭불고기와퍼	299	693	32(58)	841(42)	13	11(73)	
기네스머쉬룸와퍼	323	764	37(67)	1132(57)	13.7	13.6(91)	
기네스와퍼	293	778	36(66)	1140(57)	11.9	14.3(95)	
기네스콰트로치즈와퍼	329	888	42(75)	1421(71)	13.9	21.5(143)	
더블오리지널치즈버거	192	499	28(50)	792(40)	5.2	10.7(71)	
더블화이트갈릭와퍼	405	1097	58(106)	1247(62)	9	24(158)	
Long Chicken	210	571	25(45)	1100(55)	5.7	5.5(37)	
Monster Burger	417	1055	52(94)	1881(94)	16.9	23.1(153.7)	
몬스터X	398	1035	47(85)	2080(104)	14.7	23.3(155)	
바비큐킹치킨버거	168	467	19(34)	781(39)	3.8	5.4(36)	
Bacon Cheese	315	780	37(67)	1368(68)	7.5	19(124)	
불고기롱치킨버거	232	604	24(44)	1272(64)	10	5.3(35)	
불고기몬스터	245	633	32(59)	1228(61)	11	9.7(64.4)	
Bulgogi Whopper	301	690	29(52)	886(44)	16.8	10(69)	
불고기와퍼주니어	164	397	17(32)	548(27)	8.5	5(36)	
스태커 2 와퍼	424	1080	58(105)	1828(91)	8.9	29.3(195)	
스태커 3 와퍼	544	1421	84(153)	2559(128)	11.4	42.1(281)	
스태커 4 와퍼	650	1707	105(191)	3067(153)	11.9	51.8(345)	
아기상어 새우버거	173	439	14(26)	1159(58)	4.1	4.6(31)	
엄마상어 새우버거	212	433	15(28)	1143(57)	4.2	5.0(33)	
아빠상어 새우버거	244	574	24(44)	1165(58)	4.6	8.3(55)	
와퍼	278	619	29(53)	809(40)	10.5	13(84)	
와퍼주니어	158	399	17(32)	570(29)	4.6	8(51)	
Mushroom Bulgogi	193	462	15(27)	821(41)	7.6	8.0(53)	
직화소불고기버거	178	457	14(26)	797(40)	7.2	8.2(55)	
치즈버거	134	386	17(31)	755(38)	3.8	6.9(46)	
치즈와퍼	303	716	33(59)	1288(64)	7.1	16(108)	
치즈와퍼주니어	170	438	19(35)	771(39)	4.8	10(65)	
Quattro Cheese	309	769	40(73)	1051(53)	6.2	20(131)	
콰트로치즈X	338	820	35(63)	1625(81)	9.4	21.1(141)	
콰트로치즈와퍼주니어	173	446	21(39)	631(32)	3.1	10(64)	
Kings Chicken	178	532	20(36)	714(36)	2.7	7(47)	
Shrimp Whopper	328	741	34(63)	984(49)	4.8	15(99)	
통새우X	335	789	34(61)	1656(83)	11.8	19.2(128)	
통새우와퍼주니어	162	381	21(37)	522(26)	5.0	7(49)	
화이트갈릭와퍼	323	844	35(64)	1151(58)	8.0	16(109)	
햄버거	122	353	15(27)	540(27)	4.0	5.2(34)